$ANSIBLE_VAULT;1.1;AES256
36343630646535396639323430356433666231323435633862643364333634386239393138653134
6537643238393835613862636437636265313762316430620a633962303739323030383339373938
65303437643363396632616362386330613131613865393935666435346134666464646633656533
6634633638623764650a633765336666653833386235633831383334313364323333623265386661
66633232633436653766306538623133333737336139656431303066663631333831336636616539
37613639343132653039666437313663316336323735366438373064343432353238316633366530
37666335656435383537633734613661633134663861643261393833643938643733386138353065
30333462373230653865623463363837393233623530353032393131393965323166303965303837
35396538323236653938306634616364636434373161666339373430323965616335376234613838
37316164363566336639383630616638343338316464303336323131316538623161613931376137
65326466646463653565363230323663636131393139393437346363663933313735363361376562
31356630633862353437373064316164393430316638386361633034353530313738393063656639
37643539386233366563393663613964336138306135323163633039313135613561396264613961
37633635383436663562323030613364653333646638636365626237646166623632653233383037
64346566303564393333616466386435613234613763653363643965343864616233323230656338
39326566373737643532353461646334356536313134336534626562336131346133376361396434
36363930393230656131313731353461623538663937326136613739393734393838373364646363
30323835643761363833393461363238333830356436383639336531333062663232373964393436
32306163366531633866663632383236333237316236376263336132656135613364313361646438
65633865663335306230653665313364393362653338333264663665316464363336323661623864
37653638386634383263633533336264393234326336643634386361653664616438656337633366
39383364326133383332633939623265303330333461323938323037346132336565336532666165
62646135373866343766303965303239636566326433623937313665663861336239396636333839
65303737383330393463646663643262386137393633353437346338346232343034306364383432
3266
