$ANSIBLE_VAULT;1.1;AES256
35646134306663316465306430326533653736386136643831646335353631653430363365336663
6432373131363462336231366237333532623365663734300a616334363630356432393666306236
33376131656532613766386266326463653962306437316235303935353165343134323662303363
6338653732613631310a393761346463373365323735333139643534643864336633343332356634
63323130653135626438313437653033356264343065396438313061646564646465303736613930
39306264343837656463383736623438666162643731373963386339613836653839353465343739
36633637613236363365636231333137303362626661613135656361616163353034653539626566
64383032636139613331643863376664373932343935623931633834346436356532626332666237
38636232366338393738663333623032386266633864323030383532393538626131313031383063
35653066383131393466363962346465323264326633373566386630383639393839343339623566
38326233643531663034643331363961383933373063316437366633663934663264643239323334
30326163666461613133646535386139636437303232306361316366363336663036653966356439
62666631306166613362363930353730626462303934623033656361353966633037
